image: xtark_test.pgm
resolution: 0.025000
origin: [-8.144871, -8.211425, 0.000000]
negate: 0
occupied_thresh: 0.65
free_thresh: 0.196

